% go run ./cmd/770 10                                                                                          M main
       n   δ_3     δ_5     δ_7     δ_11    δ_13    δ_17    δ_19    δ_23    δ_29    δ_31      Σ
       1  0.0000  0.0000  0.0000  0.0000  0.0000  0.0000  0.0000  0.0000  0.0000  0.0000  0.0000
       2  0.5000  0.0000  0.0000  0.0000  0.0000  0.0000  0.0000  0.0000  0.0000  0.0000  0.5000
       3  0.6667  0.0000  0.0000  0.0000  0.0000  0.0000  0.0000  0.0000  0.0000  0.0000  0.6667
       4  0.5000  0.2500  0.0000  0.0000  0.0000  0.0000  0.0000  0.0000  0.0000  0.0000  0.7500
       5  0.6000  0.2000  0.0000  0.0000  0.0000  0.0000  0.0000  0.0000  0.0000  0.0000  0.8000
       6  0.5000  0.1667  0.1667  0.0000  0.0000  0.0000  0.0000  0.0000  0.0000  0.0000  0.8333
       7  0.5714  0.1429  0.1429  0.0000  0.0000  0.0000  0.0000  0.0000  0.0000  0.0000  0.8571
       8  0.5000  0.2500  0.1250  0.0000  0.0000  0.0000  0.0000  0.0000  0.0000  0.0000  0.8750
       9  0.5556  0.2222  0.1111  0.0000  0.0000  0.0000  0.0000  0.0000  0.0000  0.0000  0.8889
      10  0.5000  0.2000  0.1000  0.1000  0.0000  0.0000  0.0000  0.0000  0.0000  0.0000  0.9000

chonkjr
~/p/proofs main ✗
% go run ./cmd/770 100                                                                                         M main
       n   δ_3     δ_5     δ_7     δ_11    δ_13    δ_17    δ_19    δ_23    δ_29    δ_31      Σ
      10  0.5000  0.2000  0.1000  0.1000  0.0000  0.0000  0.0000  0.0000  0.0000  0.0000  0.9000
      20  0.5000  0.1500  0.0500  0.1000  0.0500  0.0500  0.0500  0.0000  0.0000  0.0000  0.9500
      30  0.5000  0.1333  0.0333  0.0667  0.0667  0.0333  0.0333  0.0333  0.0333  0.0333  0.9667
      40  0.5000  0.1250  0.0500  0.0500  0.0500  0.0500  0.0250  0.0250  0.0250  0.0250  0.9250
      50  0.4800  0.1200  0.0400  0.0600  0.0400  0.0600  0.0200  0.0400  0.0200  0.0200  0.9000
      60  0.4667  0.1167  0.0333  0.0500  0.0333  0.0500  0.0333  0.0333  0.0333  0.0167  0.8667
      70  0.4714  0.1286  0.0286  0.0429  0.0286  0.0571  0.0286  0.0286  0.0286  0.0143  0.8571
      80  0.4625  0.1500  0.0250  0.0375  0.0250  0.0500  0.0250  0.0250  0.0250  0.0125  0.8375
      90  0.4556  0.1556  0.0222  0.0333  0.0222  0.0444  0.0222  0.0222  0.0222  0.0222  0.8222
     100  0.4600  0.1500  0.0300  0.0300  0.0200  0.0400  0.0200  0.0200  0.0200  0.0200  0.8100

chonkjr
~/p/proofs main ✗
% go run ./cmd/770 1000                                                                                        M main
       n   δ_3     δ_5     δ_7     δ_11    δ_13    δ_17    δ_19    δ_23    δ_29    δ_31      Σ
     100  0.4600  0.1500  0.0300  0.0300  0.0200  0.0400  0.0200  0.0200  0.0200  0.0200  0.8100
     200  0.4400  0.1450  0.0450  0.0250  0.0100  0.0250  0.0100  0.0200  0.0100  0.0100  0.7400
     300  0.4400  0.1400  0.0500  0.0167  0.0100  0.0167  0.0067  0.0233  0.0067  0.0067  0.7167
     400  0.4325  0.1425  0.0475  0.0200  0.0075  0.0150  0.0075  0.0200  0.0075  0.0050  0.7050
     500  0.4280  0.1480  0.0500  0.0220  0.0060  0.0140  0.0060  0.0180  0.0060  0.0040  0.7020
     600  0.4283  0.1433  0.0500  0.0200  0.0067  0.0117  0.0067  0.0167  0.0067  0.0033  0.6933
     700  0.4314  0.1443  0.0471  0.0200  0.0071  0.0114  0.0057  0.0143  0.0057  0.0029  0.6900
     800  0.4275  0.1437  0.0450  0.0238  0.0075  0.0125  0.0063  0.0138  0.0050  0.0025  0.6875
     900  0.4278  0.1422  0.0489  0.0222  0.0067  0.0111  0.0056  0.0133  0.0056  0.0022  0.6856
    1000  0.4290  0.1450  0.0480  0.0200  0.0060  0.0120  0.0050  0.0120  0.0050  0.0020  0.6840

chonkjr
~/p/proofs main ✗
% go run ./cmd/770 10000                                                                                       M main
       n   δ_3     δ_5     δ_7     δ_11    δ_13    δ_17    δ_19    δ_23    δ_29    δ_31      Σ
    1000  0.4290  0.1450  0.0480  0.0200  0.0060  0.0120  0.0050  0.0120  0.0050  0.0020  0.6840
    2000  0.4245  0.1475  0.0475  0.0210  0.0075  0.0085  0.0045  0.0105  0.0040  0.0015  0.6770
    3000  0.4203  0.1477  0.0507  0.0230  0.0083  0.0067  0.0043  0.0093  0.0033  0.0010  0.6747
    4000  0.4160  0.1517  0.0515  0.0245  0.0080  0.0080  0.0043  0.0092  0.0030  0.0010  0.6772
    5000  0.4158  0.1506  0.0514  0.0244  0.0084  0.0076  0.0044  0.0092  0.0024  0.0014  0.6756
    6000  0.4152  0.1500  0.0515  0.0242  0.0092  0.0077  0.0043  0.0087  0.0027  0.0015  0.6748
    7000  0.4126  0.1514  0.0519  0.0247  0.0094  0.0076  0.0043  0.0089  0.0030  0.0014  0.6751
    8000  0.4090  0.1531  0.0524  0.0251  0.0100  0.0081  0.0045  0.0088  0.0030  0.0013  0.6752
    9000  0.4089  0.1523  0.0516  0.0254  0.0102  0.0080  0.0048  0.0089  0.0030  0.0012  0.6743
   10000  0.4088  0.1520  0.0520  0.0255  0.0105  0.0082  0.0047  0.0087  0.0031  0.0012  0.6747

chonkjr
~/p/proofs main ✗
% go run ./cmd/770 100000                                                                                      M main
       n   δ_3     δ_5     δ_7     δ_11    δ_13    δ_17    δ_19    δ_23    δ_29    δ_31      Σ
   10000  0.4088  0.1520  0.0520  0.0255  0.0105  0.0082  0.0047  0.0087  0.0031  0.0012  0.6747
   20000  0.4037  0.1528  0.0532  0.0266  0.0114  0.0088  0.0048  0.0088  0.0035  0.0015  0.6751
   30000  0.4002  0.1531  0.0536  0.0268  0.0118  0.0092  0.0050  0.0086  0.0035  0.0015  0.6732
   40000  0.3981  0.1542  0.0536  0.0270  0.0122  0.0094  0.0050  0.0086  0.0034  0.0015  0.6731
   50000  0.3977  0.1534  0.0538  0.0273  0.0124  0.0093  0.0050  0.0085  0.0035  0.0015  0.6724
   60000  0.3966  0.1535  0.0540  0.0273  0.0125  0.0095  0.0052  0.0085  0.0035  0.0015  0.6722
   70000  0.3955  0.1537  0.0542  0.0275  0.0127  0.0095  0.0051  0.0084  0.0034  0.0016  0.6716
   80000  0.3948  0.1535  0.0543  0.0276  0.0129  0.0097  0.0050  0.0084  0.0034  0.0016  0.6713
   90000  0.3943  0.1536  0.0542  0.0278  0.0129  0.0097  0.0050  0.0085  0.0033  0.0016  0.6709
  100000  0.3935  0.1539  0.0542  0.0281  0.0129  0.0097  0.0050  0.0084  0.0034  0.0016  0.6707

